0.000000000000000000e+00
2.000000094994902611e-03
4.310000222176313400e-03
6.000000052154064178e-03
6.399999838322401047e-03
6.862000096589326859e-03
7.395999971777200699e-03
8.012999780476093292e-03
8.725999854505062103e-03
8.926000446081161499e-03
9.157000109553337097e-03
9.424000047147274017e-03
9.600000455975532532e-03
9.700000286102294922e-03
9.816000238060951233e-03
9.949999861419200897e-03
1.010499987751245499e-02
1.028400007635354996e-02
1.049099955707788467e-02
1.073000021278858185e-02
1.100600045174360275e-02
1.132499985396862030e-02
1.169299986213445663e-02
1.211799960583448410e-02
1.260900031775236130e-02
1.317599974572658539e-02
1.383099984377622604e-02
1.458800025284290314e-02
1.546199992299079895e-02
1.600000075995922089e-02
1.640000008046627045e-02
1.686199940741062164e-02
1.739599928259849548e-02
1.801300048828125000e-02
1.872600056231021881e-02
1.892600022256374359e-02
1.915699988603591919e-02
1.942400075495243073e-02
1.960000023245811462e-02
1.970000006258487701e-02
1.981600001454353333e-02
1.995000056922435760e-02
2.010500058531761169e-02
2.028400078415870667e-02
2.049100026488304138e-02
2.072999998927116394e-02
2.100599929690361023e-02
2.132499963045120239e-02
2.169300056993961334e-02
2.211800031363964081e-02
2.260899916291236877e-02
2.317599952220916748e-02
2.383100055158138275e-02
2.458800002932548523e-02
2.546199969947338104e-02
2.600000053644180298e-02
2.639999985694885254e-02
2.686199918389320374e-02
2.739600092172622681e-02
2.801300026476383209e-02
2.872600033879280090e-02
2.892599999904632568e-02
2.915699966251850128e-02
2.942400053143501282e-02
2.960000000894069672e-02
2.969999983906745911e-02
2.981599979102611542e-02
2.995000034570693970e-02
3.010500036180019379e-02
3.028400056064128876e-02
3.049100004136562347e-02
3.072999976575374603e-02
3.100599907338619232e-02
3.132500126957893372e-02
3.169300034642219543e-02
3.211800009012222290e-02
3.260900080204010010e-02
3.317600116133689880e-02
3.383100032806396484e-02
3.458800166845321655e-02
